所有测试用例最优解及其调度方案
Min_Time 最小加工时间
Processing Order 工件加工顺序
所有工件在每个机器上的加工完成时间以列表形式列出
+++++++++++++++++++++++++++++
Instance 0
Min_Time = 7038
Solution:
Processing Order: [7, 4, 0, 2, 3, 10, 6, 8, 5, 1, 9]
Machine1 [14, 542, 917, 929, 1389, 1921, 2453, 2710, 3506, 4138, 5034]
Machine2 [138, 643, 929, 1805, 2347, 2649, 2879, 3406, 3751, 4590, 5930]
Machine3 [352, 1432, 1574, 1929, 2870, 3371, 3914, 4667, 5299, 6057, 6271]
Machine4 [895, 1556, 1819, 2463, 2990, 4136, 5032, 5242, 5674, 6335, 6593]
Machine5 [1680, 2679, 3091, 3856, 4355, 5343, 5795, 6258, 6381, 6779, 7038]
+++++++++++++++++++++++++++++
Instance 1
Min_Time = 8366
Solution:
Processing Order: [6, 2, 7, 4, 1, 0, 5, 3]
Machine1 [654, 1308, 2097, 2553, 3342, 3798, 4587, 4908]
Machine2 [975, 1431, 2244, 3342, 3465, 4452, 5241, 5697]
Machine3 [1295, 2063, 2364, 3814, 4183, 5304, 5890, 6471]
Machine4 [2053, 3028, 3667, 4179, 4861, 5449, 6714, 7135]
Machine5 [2916, 3503, 3688, 4715, 5442, 6081, 7039, 7167]
Machine6 [3368, 3828, 4691, 5567, 5963, 6506, 7051, 7314]
Machine7 [3824, 4284, 5480, 6221, 6344, 6720, 7372, 8161]
Machine8 [4613, 5267, 6134, 6344, 7133, 7787, 8243, 8366]
+++++++++++++++++++++++++++++
Instance 2
Min_Time = 7166
Solution:
Processing Order: [6, 2, 3, 10, 7, 12, 0, 1, 8, 11, 4, 9, 5]
Machine1 [25, 37, 382, 585, 1459, 1761, 2415, 2736, 2850, 3546, 4224, 5009, 5972]
Machine2 [49, 196, 968, 1178, 1976, 2488, 2635, 3256, 4152, 4936, 5468, 6011, 6156]
Machine3 [191, 826, 1182, 1881, 2000, 2709, 3054, 4045, 4672, 5791, 6066, 6402, 6704]
Machine4 [780, 1081, 2048, 2832, 3828, 4173, 4620, 5322, 5863, 6375, 6707, 6941, 7166]
+++++++++++++++++++++++++++++
Instance 3
Min_Time = 7312
Solution:
Processing Order: [10, 5, 11, 4, 9, 8, 2, 1, 3, 6, 7, 0]
Machine1 [210, 333, 457, 667, 1210, 2086, 2962, 3751, 4294, 4750, 5539, 5995]
Machine2 [355, 569, 816, 1601, 2133, 2831, 3594, 4605, 4750, 5502, 5682, 6532]
Machine3 [469, 901, 1654, 2620, 2720, 3153, 4182, 4830, 5499, 5646, 6437, 6655]
Machine4 [870, 1757, 1971, 2767, 3088, 3699, 5078, 5606, 5931, 6252, 6864, 7078]
Machine5 [1746, 2300, 2843, 3719, 4508, 4964, 5534, 5729, 6720, 6930, 7053, 7312]
+++++++++++++++++++++++++++++
Instance 4
Min_Time = 8003
Solution:
Processing Order: [3, 8, 6, 12, 13, 5, 9, 0, 1, 2, 10, 7, 11, 4]
Machine1 [214, 418, 1071, 1083, 1540, 1758, 2543, 2999, 3788, 4418, 5114, 5328, 5860, 6433]
Machine2 [471, 1336, 1478, 1823, 2501, 3033, 3354, 4210, 5140, 5354, 5478, 6025, 6037, 7329]
Machine3 [791, 1481, 1628, 2677, 2800, 3785, 4548, 5511, 5532, 6007, 6221, 6753, 7010, 7453]
Machine4 [1544, 2071, 2724, 3612, 4611, 5139, 5675, 6371, 6691, 6833, 7047, 7261, 7789, 8003]
+++++++++++++++++++++++++++++
Instance 5
Min_Time = 7720
Solution:
Processing Order: [4, 1, 3, 0, 2, 7, 5, 9, 8, 6]
Machine1 [255, 588, 810, 1143, 1395, 2283, 2838, 3837, 4726, 5284]
Machine2 [732, 843, 1047, 2134, 2356, 3321, 3887, 4776, 5364, 6263]
Machine3 [855, 1518, 1632, 3130, 3352, 4228, 4684, 4986, 5907, 7052]
Machine4 [1398, 1974, 2850, 3253, 4141, 4765, 4975, 5618, 6761, 7176]
Machine5 [1541, 2759, 3602, 3747, 4355, 4910, 5673, 6124, 7008, 7708]
Machine6 [1683, 3291, 4134, 4368, 4954, 4968, 6246, 7102, 7629, 7720]
+++++++++++++++++++++++++++++
Instance 6
Min_Time = 1469
Solution:
Processing Order: [13, 1, 9, 8, 11, 3, 15, 12, 4, 10, 16, 19, 18, 7, 2, 0, 14, 17, 6, 5]
Machine1 [27, 52, 104, 143, 198, 239, 254, 262, 327, 399, 458, 517, 537, 630, 706, 802, 836, 929, 978, 1059]
Machine2 [38, 96, 150, 233, 276, 282, 287, 378, 469, 473, 528, 541, 632, 721, 783, 882, 968, 972, 987, 1128]
Machine3 [132, 142, 214, 288, 335, 338, 377, 459, 544, 573, 616, 709, 782, 813, 861, 938, 1055, 1098, 1110, 1193]
Machine4 [170, 211, 227, 320, 367, 400, 423, 552, 582, 676, 725, 751, 823, 837, 915, 986, 1065, 1103, 1164, 1286]
Machine5 [203, 275, 329, 347, 454, 531, 547, 566, 629, 761, 784, 795, 923, 960, 1007, 1021, 1129, 1213, 1288, 1349]
Machine6 [270, 327, 391, 400, 551, 595, 596, 682, 737, 812, 837, 844, 961, 1018, 1053, 1141, 1171, 1268, 1354, 1357]
Machine7 [278, 346, 436, 529, 592, 638, 695, 759, 810, 841, 892, 958, 1036, 1069, 1141, 1191, 1238, 1290, 1388, 1432]
Machine8 [333, 374, 516, 594, 680, 730, 785, 827, 828, 906, 978, 1020, 1045, 1165, 1219, 1234, 1289, 1368, 1400, 1449]
Machine9 [432, 504, 535, 669, 697, 749, 847, 917, 953, 1003, 1012, 1074, 1150, 1197, 1246, 1313, 1382, 1413, 1445, 1455]
Machine10 [450, 531, 600, 742, 772, 815, 882, 920, 1026, 1042, 1043, 1173, 1244, 1289, 1345, 1410, 1436, 1447, 1453, 1469]
+++++++++++++++++++++++++++++
Instance 7
Min_Time = 1973
Solution:
Processing Order: [11, 4, 14, 5, 15, 8, 19, 13, 16, 12, 0, 18, 10, 1, 7, 2, 17, 9, 6, 3]
Machine1 [37, 75, 92, 119, 195, 287, 334, 389, 470, 474, 534, 632, 648, 727, 768, 862, 925, 994, 1017, 1040]
Machine2 [56, 107, 177, 191, 289, 333, 382, 454, 519, 576, 646, 685, 723, 780, 871, 928, 998, 1067, 1122, 1125]
Machine3 [111, 179, 212, 289, 343, 355, 471, 492, 602, 628, 697, 788, 824, 898, 988, 1007, 1021, 1138, 1205, 1287]
Machine4 [113, 186, 293, 313, 377, 414, 504, 603, 675, 704, 778, 793, 872, 985, 1031, 1108, 1193, 1247, 1253, 1374]
Machine5 [209, 258, 317, 409, 421, 496, 603, 630, 706, 797, 803, 858, 964, 1003, 1068, 1178, 1259, 1295, 1359, 1419]
Machine6 [219, 307, 352, 483, 511, 531, 613, 683, 778, 891, 895, 923, 984, 1019, 1164, 1268, 1309, 1405, 1473, 1527]
Machine7 [300, 379, 456, 516, 540, 554, 667, 725, 869, 912, 939, 982, 1039, 1083, 1263, 1304, 1373, 1408, 1492, 1603]
Machine8 [329, 410, 477, 560, 565, 608, 761, 839, 877, 942, 947, 1079, 1168, 1263, 1309, 1382, 1436, 1463, 1565, 1663]
Machine9 [331, 480, 563, 606, 665, 691, 813, 902, 942, 972, 1002, 1114, 1243, 1304, 1350, 1419, 1446, 1479, 1657, 1724]
Machine10 [365, 488, 582, 658, 669, 755, 857, 927, 1035, 1086, 1165, 1188, 1300, 1307, 1401, 1443, 1511, 1572, 1753, 1851]
Machine11 [448, 514, 626, 668, 715, 840, 930, 1016, 1119, 1150, 1223, 1273, 1389, 1409, 1442, 1471, 1537, 1666, 1756, 1919]
Machine12 [449, 595, 696, 777, 870, 884, 997, 1076, 1182, 1244, 1293, 1392, 1454, 1513, 1562, 1585, 1643, 1762, 1783, 1933]
Machine13 [494, 681, 786, 816, 902, 956, 1041, 1140, 1249, 1302, 1393, 1452, 1490, 1587, 1604, 1620, 1663, 1847, 1898, 1943]
Machine14 [517, 741, 820, 913, 991, 1045, 1081, 1216, 1285, 1331, 1413, 1515, 1551, 1620, 1684, 1781, 1845, 1881, 1901, 1960]
Machine15 [581, 815, 910, 984, 1039, 1142, 1240, 1309, 1393, 1444, 1507, 1610, 1679, 1721, 1789, 1864, 1905, 1939, 1964, 1973]
+++++++++++++++++++++++++++++
Instance 8
Min_Time = 1111
Solution:
Processing Order: [13, 1, 2, 0, 6, 7, 3, 9, 4, 18, 10, 15, 5, 12, 16, 19, 14, 17, 11, 8]
Machine1 [32, 43, 106, 140, 184, 213, 235, 297, 373, 401, 451, 510, 530, 580, 621, 687, 699, 793, 882, 936]
Machine2 [56, 121, 188, 194, 224, 313, 359, 455, 459, 518, 531, 609, 631, 687, 707, 740, 828, 876, 951, 963]
Machine3 [79, 125, 191, 257, 312, 325, 447, 516, 550, 560, 608, 704, 711, 719, 802, 836, 900, 926, 1008, 1029]
Machine4 [166, 167, 264, 349, 417, 513, 514, 595, 604, 685, 725, 784, 787, 854, 919, 927, 941, 1034, 1035, 1109]
Machine5 [228, 301, 401, 461, 553, 624, 690, 743, 819, 839, 876, 924, 952, 998, 1018, 1023, 1036, 1039, 1109, 1111]
+++++++++++++++++++++++++++++
Instance 9
Min_Time = 1949
Solution:
Processing Order: [17, 16, 12, 7, 1, 14, 4, 11, 6, 8, 18, 10, 2, 3, 19, 13, 15, 9, 0, 5]
Machine1 [17, 94, 99, 103, 175, 182, 224, 296, 376, 422, 483, 536, 628, 677, 706, 786, 854, 877, 936, 957]
Machine2 [103, 105, 149, 203, 257, 273, 285, 313, 475, 498, 512, 627, 654, 704, 712, 805, 927, 1011, 1022, 1083]
Machine3 [135, 136, 245, 288, 324, 370, 425, 478, 566, 620, 690, 770, 785, 884, 890, 963, 1020, 1112, 1116, 1168]
Machine4 [170, 252, 289, 352, 355, 452, 514, 550, 649, 726, 784, 792, 873, 948, 960, 1058, 1062, 1206, 1285, 1334]
Machine5 [176, 254, 310, 396, 455, 552, 589, 598, 660, 786, 810, 851, 959, 989, 1067, 1145, 1211, 1219, 1379, 1423]
Machine6 [226, 303, 354, 474, 497, 634, 658, 682, 775, 839, 875, 964, 1020, 1071, 1099, 1223, 1294, 1304, 1410, 1521]
Machine7 [279, 392, 441, 518, 558, 675, 699, 779, 826, 881, 951, 967, 1112, 1138, 1178, 1254, 1381, 1458, 1532, 1558]
Machine8 [318, 419, 454, 557, 617, 696, 741, 788, 906, 978, 1035, 1122, 1169, 1258, 1271, 1284, 1424, 1516, 1614, 1682]
Machine9 [412, 453, 540, 633, 722, 733, 782, 816, 1006, 1096, 1127, 1184, 1277, 1317, 1378, 1428, 1488, 1580, 1667, 1743]
Machine10 [501, 553, 627, 732, 769, 819, 907, 967, 1093, 1107, 1227, 1302, 1323, 1387, 1406, 1521, 1577, 1675, 1726, 1768]
Machine11 [523, 638, 727, 761, 854, 859, 921, 1061, 1177, 1199, 1248, 1339, 1379, 1447, 1486, 1619, 1649, 1730, 1749, 1774]
Machine12 [598, 664, 730, 799, 921, 949, 982, 1160, 1194, 1267, 1343, 1351, 1456, 1523, 1621, 1701, 1722, 1745, 1780, 1826]
Machine13 [657, 744, 826, 840, 960, 1055, 1140, 1227, 1270, 1364, 1418, 1441, 1540, 1607, 1690, 1747, 1761, 1780, 1826, 1901]
Machine14 [731, 831, 916, 991, 1056, 1140, 1144, 1237, 1363, 1388, 1512, 1600, 1610, 1710, 1724, 1756, 1798, 1860, 1907, 1944]
Machine15 [758, 889, 977, 1016, 1116, 1185, 1205, 1281, 1421, 1435, 1569, 1665, 1756, 1759, 1762, 1799, 1860, 1927, 1937, 1949]
+++++++++++++++++++++++++++++
Instance 10
Min_Time = 3284
Solution:
Processing Order: [12, 13, 37, 49, 39, 41, 43, 33, 34, 8, 38, 19, 16, 40, 0, 36, 2, 18, 1, 10, 23, 9, 28, 35, 14, 31, 32, 26, 4, 22, 11, 25, 21, 20, 45, 7, 17, 3, 46, 42, 5, 24, 29, 47, 48, 44, 27, 6, 15, 30]
Machine1 [4, 49, 123, 125, 163, 178, 207, 225, 286, 371, 404, 413, 435, 478, 578, 662, 732, 744, 763, 841, 924, 984, 1040, 1065, 1138, 1142, 1193, 1266, 1346, 1429, 1527, 1537, 1620, 1649, 1678, 1762, 1852, 1902, 1975, 2050, 2097, 2108, 2167, 2254, 2340, 2354, 2439, 2479, 2556, 2626]
Machine2 [61, 106, 125, 166, 209, 228, 288, 318, 327, 417, 424, 500, 566, 664, 736, 744, 800, 892, 895, 959, 1005, 1065, 1128, 1219, 1313, 1379, 1421, 1461, 1558, 1653, 1684, 1758, 1773, 1785, 1805, 1885, 1936, 2029, 2048, 2148, 2207, 2239, 2306, 2385, 2484, 2533, 2563, 2626, 2710, 2776]
Machine3 [91, 131, 155, 207, 211, 278, 368, 429, 432, 491, 553, 615, 620, 692, 812, 907, 946, 989, 1008, 1029, 1111, 1113, 1154, 1250, 1396, 1475, 1565, 1569, 1572, 1740, 1782, 1855, 1928, 1999, 2026, 2094, 2181, 2281, 2314, 2356, 2385, 2400, 2473, 2525, 2556, 2634, 2692, 2761, 2772, 2856]
Machine4 [102, 176, 218, 306, 310, 340, 454, 521, 523, 558, 626, 672, 749, 800, 912, 973, 1044, 1065, 1133, 1138, 1140, 1190, 1277, 1279, 1455, 1518, 1650, 1670, 1680, 1769, 1855, 1954, 1986, 2069, 2135, 2217, 2244, 2352, 2388, 2455, 2458, 2485, 2550, 2635, 2660, 2753, 2842, 2863, 2945, 2977]
Machine5 [169, 183, 251, 312, 374, 449, 524, 581, 642, 710, 752, 823, 920, 963, 979, 1064, 1093, 1185, 1214, 1299, 1354, 1444, 1497, 1511, 1512, 1557, 1734, 1785, 1799, 1845, 1938, 2008, 2059, 2115, 2205, 2221, 2309, 2436, 2529, 2553, 2579, 2581, 2641, 2665, 2743, 2798, 2890, 2946, 2956, 3070]
Machine6 [173, 242, 275, 389, 484, 574, 587, 647, 665, 794, 835, 900, 948, 1047, 1056, 1105, 1196, 1260, 1282, 1354, 1408, 1464, 1505, 1608, 1680, 1763, 1792, 1810, 1842, 1912, 1986, 2097, 2103, 2211, 2306, 2351, 2427, 2500, 2550, 2616, 2636, 2679, 2740, 2829, 2839, 2933, 2948, 3021, 3030, 3126]
Machine7 [255, 343, 405, 494, 570, 668, 768, 793, 837, 926, 1004, 1080, 1141, 1154, 1159, 1247, 1347, 1441, 1457, 1472, 1557, 1635, 1715, 1806, 1871, 1926, 1999, 2036, 2128, 2217, 2288, 2371, 2374, 2386, 2393, 2493, 2560, 2627, 2671, 2686, 2736, 2759, 2853, 2903, 2944, 2979, 3061, 3117, 3184, 3210]
Machine8 [332, 385, 418, 574, 665, 703, 854, 864, 942, 960, 1071, 1145, 1227, 1298, 1385, 1389, 1475, 1542, 1555, 1578, 1581, 1691, 1761, 1890, 1952, 1977, 2007, 2054, 2195, 2290, 2339, 2376, 2405, 2475, 2486, 2589, 2609, 2656, 2722, 2767, 2793, 2872, 2958, 2962, 3028, 3074, 3151, 3161, 3211, 3252]
Machine9 [430, 487, 549, 595, 732, 783, 942, 962, 1000, 1097, 1196, 1226, 1289, 1362, 1419, 1505, 1593, 1653, 1740, 1776, 1796, 1858, 1863, 1978, 2023, 2085, 2180, 2241, 2313, 2382, 2454, 2482, 2485, 2561, 2636, 2665, 2740, 2768, 2772, 2864, 2865, 2900, 2996, 3033, 3068, 3092, 3153, 3207, 3254, 3275]
Machine10 [451, 568, 578, 649, 810, 893, 948, 1057, 1131, 1189, 1202, 1264, 1385, 1466, 1481, 1556, 1692, 1738, 1810, 1897, 1954, 1981, 2043, 2069, 2145, 2158, 2237, 2316, 2384, 2417, 2484, 2574, 2598, 2617, 2688, 2755, 2822, 2903, 2927, 2971, 3041, 3070, 3071, 3121, 3122, 3207, 3210, 3250, 3262, 3284]
+++++++++++++++++++++++++++++